2.6988469564378743
2.1705443067682717
2.970476337039099
2.31089422675053
2.4370452279132264
2.7054919262361596
2.300513148335111
2.1881674360698877
2.499477466641956
2.0002729235307317
2.4781882215417674
2.6473142414287043
2.6501141541527526
2.4780742362580575
2.8330612408536506
2.5121214975817754
2.666519209661484
2.9970881931363467
2.561988675979514
2.668622501401678
2.5754965786247146
2.850876525994366
2.1062240654115896
2.2512562480484584
2.3029213757441225
2.561196564457335
2.8824162353167337
2.6840001054172733
2.7725462860062304
2.2755007454631127
2.594066547819235
2.3900206785960068
2.9539503233519504
2.7669671282751747
2.2650732555495505
2.5461092887620316
2.8131640594032925
2.5752717846761706
2.146090917550743
2.5960618399537116
